0 0.027514 0.689480 0.055029 0.123157
0 0.023374 0.875529 0.046748 0.248941
0 0.143181 0.763216 0.119713 0.452118
0 0.269907 0.837451 0.245287 0.325098
0 0.365186 0.700824 0.161146 0.366235
0 0.550487 0.664373 0.138653 0.341922
0 0.665931 0.669235 0.109054 0.260902
0 0.905107 0.523382 0.123252 0.656294
2 0.146741 0.761598 0.141017 0.413235
2 0.264549 0.836147 0.225086 0.319235
2 0.364592 0.710549 0.162335 0.340314
2 0.549893 0.669225 0.137464 0.325706
2 0.673625 0.653020 0.103123 0.267373
5 0.903324 0.522578 0.110229 0.635235
